ii 16616 666661661666 n«

imo. 6, 66 61611616, 16 -

Achai· 6666661616, 6. viii, 66. 6111,
³⁶· 816 'viii' ¹²· xlv, “a affl,
67. xxxi, 16. 161166

161661661616 miv, 17

Achaia 666. mim 1616166666-
116 66666 16, 6

Achaica 61616616 666111, 66

Achaicum 66166 xix, 16

1616166611666166 66666

1616666116 61, 16

Aah-is, 16 66166116 61, 18

1616661161, 11

1616616666 666. 6, 1

1611666616,16

16661666 6611161187. 16,1. viii, 17.

Achoma 66616111, 16. 16, 1

16116666ᾱυὶ111, 16

66616166 16,1 66166111,6 666-
666 61, 1

Achille· 66161617. 6, 67. 6, 11

1611111666 6, 61

Achilleo· 1)6666616,16

1611666161, 16

16666666.. 16

1616611 61, 61

1611616 1166666616

1611616166 66616

1616666616

166661, 61

1616661611

1616166 111, 6

1616, 8161666 16, 11

161666616111,11

166666 1666166 16, 66

1666666666 6,16

1661116666666.6,11

16666 portu· vi. 1

Acontius 6666 16, 11

1661666616 iii, 16

1666661666 16166 1666666166, 16

1616 16, 16

16666116 16, 11

1616666, quod Agrigentum 111, 11

1666661111

1661166 66666167

1666666666166116161 66666661. 111, 16.
111, 16 ·

Acroceraunia, 666166 111, 16

1666666611 66616616, 1

16666611666616,6

Amouda· 166. 61, 16

16661666 666. 16, 17

1616616166. 16, 17

16111666 6611666661, 6 6661166 616,

16116666 1166 vii, 16. xxxii, 1

161166 661. 16, 1. 16, 66. 61, 76. 6166

1616116 61, 61

Acyta, 1161661611

11616 61, 16

111666 6, 11

Adanu 166. 61, 61

Addat 66616 ii. 166. 111, 16

Addam 166166 lacus 6661611111, 23

11666 1. 6, 66

Ad gollim 66, 16

11116666 61, 66

Adiabene vi, 1⁰ Assyriorum 16111616
61, 16 (pm syfiae) 6, 16

Adiabeni vi, 16. 17. 11

1116666 Gerrhon vi, 61

Adonin 1. 6, 17

1166611666 6, 11

Adramyttenus conventus 6, 11

11666666 xiii, 6

Adrum, Parium v. 16

11616(6666)111, ffl

11111661. 111, 16

Adrianus ager iii, 16. 16

. Adam 6666666 666616 gallina x,

11161666 6166 616, 8

Adriaticum 66666 111, 6. 16. 16, 16

Adriaticum 6666, quod mpetum 111, 16

Adriatici 61 lomi 6666 (linimen
11116

Adriatici 66616 61666 616, 6 ndum
66661, 6

1166661661 6,6

Aduliton 666. 61, 61

1616666661, 61

Adunicates iii, 6

1166661116 6, 6

AEn (16 colchis) 61, 1

1161166166.16,16

11661166 6,11 prom. iv, 16 .

6611661166

AEanum 61, 16

1166 1. 111, 16

AEu 6666 61, 66

Emi iii, 16

Ε661661111, 16

Ε16666616, 11

AEdem (Macedonia) 61, 16

6, 11

gg: (0111616) 6, 66

1166 (16 Μ66616616)16, 17

AEgntpq 6661616, 16. 1616

11616166, 1611616 16, 6
116116 666. 111, 16
AEgila 166. 16, 16

 

