2111111 nummu munuum.

Ctryduu 0111111 1111, 6

111

0111111111 Arabes 1, 12

guym'opp. 11, 21 'u 11111111 11111, 12 01111111 11, 12

mum 11, 16
01111111 111. 11, 28
01111111111111, 1
01111 11111111111111 1, 11
01111 ,11111 11111111111,12
01111111 reliquia 111, 2
0111111111 1111, 82
0111111111, 106
eninm fil, 91 vii, ³
011111111111111 11, 20
0111111. 11, 16
011111 moun 21111111 111, 66. 1, 12 (iu

syri.) v. 11

’ 011111 111111 (iu 1111111) 1, 12. 11

Cumanum 111,7
0111111116

0111111111 1111, 12 .

01112 8⁸³¹ vi. 11

011111111ρὶ1111111, 17

Cupio 11111111, 27. 11 12. 111112

Ἕω) 111111, qun 01111111 11, 16
u 11, 6

cupii vi. 17

011111 1111111 praepetum 11, 10

Cupitum 11111 11, 67. 11, 16

0111111111 uum 11 011111 vi· 11

Cuspius 11111 11, 68

011111111111, 62 111. 11, 17. mu, 17

01111111, 17

011111 ,11111 templum 11, 12

011111ροί 11, 1

cassiope 11, 12

0111111111 fili: mii, 66

caupolus v, 22

Cssfifflfflffl imulffl iV, ω· vii, 07

0111111111 1, 22. 11, 1

0111111111111 111111

0111111111 1111 11, 1

0111111111 11, 16

(1111111111, 12

0111111ςὶ 11, 11

catorum 11111 Runa x, 00. miv, 11

eam 01111111 (1111111111) 11, 16

011111 comem 1, 2. 1

011111 minu 1111

011111 1111111111 iii, 16

0111111111(11 1111111111)11, 11

011111 Patous 111, 2

011111 1111111 iii. 1

emoniense- 111, 2

Cum J ulium 111, 1

Cum 1111111 1111

eutulanum 111, 1

01111111116111 1111

ementium 11112

0111111111111, 16

Cum 1111. 11, 21

0111111 mou· 11, 11

Catabathmus 1, 6

011111111111111111 (viuum) 111, 2

0111111ρί AEthiope» 1, 10

0111111111 genu vi, 16 ‚

011111 iii, 21

01111111 11, 2

cmi 11, 12

011111 iii, 18

01111111111, 20

01111111 11, 7

cmm„ iii, 21

01011111υά1 111, 2

0111111 1111111 11, 7

caina col. iii, 11 apuu 111, 00

catoni 11, 7

0111111111, 18

0111111111 Insubrum 1111111111, 21

0111111ςί111 1111 iii. 7

0111111 iii, 6

01111111 1111111 iii, 6

01111111 11, 7

caucum rupen 111, 17

Caucasi 11111 xii, 11 jug· 11, 16. 16
111111 11, 11

01111111 1111111111, 16

emenus vi, 21 mom 111111, 11

Caucasus, (1111111111 11, 12

0111111111 iii. 1

01111111 11, 11

0111111111, 16

Caulius 11111 xiv, 8

01111111 11111111, 16

01111111 111 111116

0111111 1, 22. xi, 17

01111111 Rhodiis subjectu 1111, 16

011111 iii, 1

0111111111 11, 12

(laurenses 11, 26

011111, 1111111111, 22

01111111111, 11 .

011 inu. que 110111 11, 21. 11, 22. 111,
60. 1111, 12

coa, 011 1, 16

0111111 cuneus 11, 27

0111111111, 11

0111111111. 1118 -

01111111 arx ,11111111 vii, 67

Cecryphaloe 1111 11, 12

011111 111, 8

01111111 empus 11, 07

Cedrei 11111111 1, 12

Celadum, Rhene 11, 22

Celadum 1111. iii, 10

01111111, 11111111 1, 2211. 1111, 10

0111βηί 111, 22

01111111, 27

011111111111111 1, 22

 

