001111

110100 11111, 14 Smin 10110 xvii,
00 0101010111 1011011100 mv, 011

0111001010 00001101110111111,10 11101-
catu 101010 11, 11 porticu 11110
xxxi, 0

0011101010 11110 1001011110 11, 11

001οο1010 minui 11111, 4

001001010 phuni xii, 0

celebrate Ι01000100 111, 40

0111001011 00010100 1, 1 equalitate
0111100111111, 10 umine 1011100
xxxi, 0 11010010 fluvii 1, 00

. 001001000111101111111, 0

0010010111 10111000 11111, 10

0010010101 inter primu xxv, 70 0010-
010101 AEgypm 1001101100 111, 10
00100101011111101000 111 1111 miv. 0
0010010011 06110010 0110110100 1111,
100 0010010011 Tagus 0101110 0011·
1011011, 00

0010010101 ’1110110100 111, 70

0010010101 L 1110 sudibus 1, 00

celebrantur ’1110010 00000 11, 14

celebrantur 1110111110 xiii. 0

celebrantur oppida 11, 10

001εο101001 101100 1, 00

11111111( 111

0010111010 0010000111 111, 7 “

0010111010 11000101111111, 14

0010111100 10101010101 1100111 xxiii, 11

00101110107001111 01111001 sphagno·
1111,1

(10101101001011111,10001011100000110111

igne vdneti· 111, 10
aelffini 001101 11,10 00101100 10·
1, 00
00101100010110111111111,00011100000111
11,Ιο proveniendi 11111, 40 00·
0010011111 10 1010 xvii, 00
0010111010 111 credibili 11111, 40 ine·

mbffiii,⁸minmv,u pm· .

0111001010 10011101, 10 0001010

11, 71 10010 1111100111 1011001010.

1110111111, 08
001011101001001101100010111111,0
0010100001000010111100011101111,
1011111010ιο 10100010 11, 14 augere,
00111110101111000111 1,1
0010110001111111000011,0
001011101111000011101010101111111,40

(10101010 00111010011111, 07

001οο101001 0101 1111110110 111, 41 (1010100 1110000111 11111, 10

celebratus 10010 miv, 10
’ 0010010101 auctor 1, 70

00100000100((101100111)10(Ηο3101),10111.
(10110 01 00110 10 1110001110 xxii, 81

celebravit 11001100 intexere 0010101 (10110 Apollinis 1111110 (1001101111,

1111, 74
0010010111 Homerus 1101110 111, 0
00111οη1001 non 0010100 11, 00
001001010ιο 1100111 111, 1
(1010010110 01001010 11111, 11 00011

prodigium m, 0

10 iunoni· miv, 17
00110 1100111 111, 14
001101 11001110 10100, 1011001110 111, 17
vim 111 001110 11, 40
001101 myrrha 0111111 111, 17
0011010111 1101111011 10100111 11111, 10

0010111011011010 Romnum 1101100111, 001110ορ010 110 sexangulam

(1010100 appellati equites 111111, 0
calm 0011101010 miii, 17
0010100 01010001 11100 111, 4
001011 pernicitate 1111, 0
0010110100 001011111001 111, 41
001011010 frangi 111, 70 dilui 1111,οθ
celeriori 10011111,0 ,
0011111101 exaudiunt 11, 0 expirat
xiii, 0 110110οκ11111 1111, 40 111-

001101010 apum 10010110 14
celin 1110010111 minima 10 munla
vesparum et crabronum 14

(10110111 apio eximunt odorem 11110 gn·

1010 111, 01

(10100 0011100 1, 14

00111101 01001110 viii. 00
0010101 10 0100 11, 10
001110100101011101 1010 xiii. 47
celsissimum cacumen 111, 10

0100001 nii, 70 putrescunt 111,οΞ (10111010001111111, 01
00101100 adolescunt 1111, 14 pingue·- (111000 (110100) xxvii, 00
cunt 111177 proveniunt 111, 00 1100011111, 10100111 11, 00 0000011010

10101110 111, 00 0011011 111, 111
0011000010 111,0
00101101 10010010111111, 10
celerius 0011000010 010 0011110
0010111101 01010011, 11
0010111010 ardescens 111111, 11
0010101110 01101 evanescit xiii, 1
t 0010111110100110101 1111, 111
0010111001οη011111, 11

0101, 74 001101000010001101110
{g 0000011000010100110001111,

(1000111110 (gemma) 111111, 70
0000111011 1000111 10
(10010001110 Sensim 1111,0 Nullo

idem 0001011100

0000011100 ergo 111 gioria xviii, 7

0001011101 1100 conjectura xxviii, 7

 

