xxxvi 11111 010011111111 ro

(1111101111. 11,“28 termine 1111, 18
(1113111111 11, 88 . ⁸ Grrrnenr'ncleeee 1111111111 1181
(11110111 11, 82 Gemuniae 1111, 88
(111101111.111,11.1,1 Germenioe superioris 1111111142 .
(1111111 11111111,4 Germeoiae 1111 11, 14 genmneergre·
(1111111 1011111118 11, 81 legionum 0111111, 81 littore
Gauranum vinnm 111,8 111111,11011111111>11,281111·
(1111111 11, 28 11 xvii, 8 pop ' 11111, 44 predone·
(111111 mono 111, 8 111, 16 111111 1111011111 1, 81
618111 1111111111, 82 Germaniam sylem rotem replent 1112
(1111 (juxte Troglodytae) 11, 84 Germanice genten 11, 28
Gne rn Atropetene 11, 18 Germanicopolis 1, 48
(11111111 regio 11, 8 Germanicum 1111111, 88
(118112 v, 18 Germanorum genere quinque 11, 28
(1111111112 (1110111111. 11, 28
(1111111 11, 2 Gerre 11, 82
(1111111111, 88 (11111101111111188
(11111111 11, 82. xii, 82. 8842 (11π11111 Ambio 1111, 88
(11111111111111,8.11,81 (111111011188
(1111111111 11, 82 Gerrhus 11, 28
1111101111, 2828. 11, 2. xii, 18. 11118 (11111111111114
(11110111 111, 88 (11111801νί1, 2
(1111111111, 28 (11110111111111101111111111,88
(1111,1181111111111,88.41 (111101111111111111,81
(11111 11, 18 (111101111111 iii, 4
1111111111, 14 (11111181, 81
(111118. iii, 14 (1011111, 18 1111111, 28
(11111181, 48 (111111111111, 28
(1111181 cutellum 111, 28 (1111010111. 1, 88
(1110110111111, 18 , 8181117
Geloni 11, 28 Gigarta 1, 11
Gemella ringente iii, 8 Gigartho 11111, 81
Gemelleneee iii, 4 Gigemoroe 1101111, 18
Gemelli collee 111, 14 (1111111111,19
81111011μά11ήὶ1,81 (111111111128
(11111111111,21 (1111111111, 18 Lirin fl. iii, 8
(111101 11.1,18 (11111111ιί111 111, 8Ι
Generum 11011 1, 18 (11111 11, 82
(1111111 11, 4 (11111011110111, 28
(1111011 11, 88 (11111111.1,28.11,4
Genun op .111,1 Ligurio 111,8 (1111111111.11,21.111111,11
(111118111101111111,8 · (111111111111111111, 88
Genu-ini iii, 18 Glinditiones iii, 28
(1101111111. 11, 18 1111111111, 12
(11011111, 28. 11, 11 (111111111111 11, 88
Ger fl. 1, 1 (111111 Venno 111, 88. 11, 41. mii, 1.
(1111111111 (opp.) 11, 21 mem
(1111111111 1111111, 21 (111111 eaepae xix, 82
(1111111111, 11 (11111111188111111
1111111111,8.18 Gnidii 1111111 11184
Geretae 11, 28 (1111101111ορρ.11Ρ11111111.111,88
(1111111101 1, 82 (11111111 00111111111811111111111,
Germani Oretani 111, 1 88. 11, 1 ex grene oleum xxiii, 48
(11111111111111,81.111111,1180]1111· protro 01111,8
rum nomen treneit in (1111111101 11, (1111111 11111111, 41
21 (1111111011111111,118 Soetnms mvi,
emmmmgmmmmm 1
28. 1111, 11. mvi, 12 provincie Gnidon 1, 28. xii, 81. xiii, 18. xxxvi,
11111, 2 nene Rhenum 111, 8 non 1. 18
totn percognita iv, 28 Scythiae con- (11011111 Ctesiphon vii, 88 Epimen

 

