PLlNll nlsmllll novumn.

0000101 modun· 000, 108. 00011180.
00 0010110110 1001101111 71 intulit
0001, 78

· 001010000111010100010 00011100

omino 00110 xxxii, 00 0411110101
001007

11οπ10100ος0110 0,1

0000010111 1000010111 0101011101εῶ·
norum vitiis 000111, 00 sanguinem
01011178

00001000100100 011100

0011

0001101010 Νο0 101000 00001011
- namra 0010,1 Non 00000011 011-
1111011010 00111, 07 0011010001
xij ,ὅ
0000110 om 0001101 00111, 00
000001 hybernis 0101101000 00
00000110 0001110 10011010,10111.
00000010 100100 mi, 80
count, 00 moun 1000101 nitrum 40
000000110010110 000 00010, 10
0000010111 0110111, 01

cervini 0010110 nidore 00011140 odore 000110 10 00000 pinxit 0000, 40 111 eut,

serpentes fugantur 0, 00

01110010 41

corvini 001000 01010 0010 prodest (1001100, Vettonica 000,40
000111, 00 1100100 0100110οο00οι· Οο011010001110001,40
100140 purgantur 01001074 01010 Cetaria (00010010 0101010) 10, 48

0000000000 0101101001 0110001177 (1011110010, 10. 0001, 40 in Cypro
,1101001001οᾞ 1...ΐοἶο iiam 101.

0100 00 001101 1011111110 000111, 08
corvino corio 0010, 00
00001010 011111οι110111, 80

0010 reliquo 74
0011010100010101 001 01, 70

= 00100 00. pedum 000114

00101010 001010 0010, 00. 000, 07 0010100101 0000110110 1100000100 010,

0111000010 001010 01, 40
00100 nequo 11011100 1100001, noque
0011100, ibid. 1110001111 00001 0111

44

001010 001 00110 crystallo· 000011, 00
001010 0101011100,1 Sopor 00100001

00,10 0000000010 010000000- 00110101011001011010οΛ0

000 000, 00

como 00101010 lapillum devorare
mii, Π

corvagium 10 001110 01 vulva 00010010,
ibi .

00100 Q. 00110111 0111, 50

00100 10111110 0011001, ophion 000111,

Cervus, 00110001 00010, 10

0000110οι notun 0000, 40

000000 001 generis 001, 00

· 000001 10 0110 0011, 00

0000110 00 110000 protegere 0011, 04

cotem 01, 40. 010, 00. 00, 10

001010 00011100 0010 0, 00 De cetero
01, 00 De 001010 0010 oppido iii, 0

cetero 01000 obstinentur 0001, 70

001010 0100001110, 0011000011, 00

001010 01011110,01010111110 0000111, 00

001010 choragio 00001, 01

001010 venenum xxix, 10

001010 01101110 1010010100 011, 10

oeten 0110110 001010 0011, 04

001010 111110 01101110 0111, 10

0010010 001100011οι0 11, 0

00101010 11, 00. 0, 40. 011, 10

10000110 1011110100 miii, 01 herboso 001101000001100110001,00

0000101110 01 1000100 00111, 40

0000110 obduci xvii, 10

cespitem 010101 illudimus, 11, 00

00001100 001001 000101 00111, 40

0000111110 01110100 xvi, 00

0000110οι 00110 tenuissimo 0011, 0

ccmo 00110 momento xi, 00

001001 iocunditate xiv, 4

0000001 10110110 interlunio 11, 41. ,0,

0000011111ιο inertiam 00100101, 10

00000010 ln 00011000 11, 10 Νο 10
11110 quidem cessante 11111100 0001,
l 1100000001 o 10110011Ιί0 11, 100
Temnon 0000100010 00111, 00
11οο 0000001 000000 ix, 70 Non
0010001000ωο 0, 01 11011 000001
id agore 000οΑ Non 01010011 con·

000 Alpini 0, 00

00000100100011,00

000 000100 01, 40 0011 calmum 00011,
100 0011 0011011010 001, 0 000 oor·
000 10, 01 000 crocodilo 0111, 01
ceu 01111000 0111, 10 0011 000100010
001, 10

000 dilatiorem 01, 0

ceu 1001001001 010, 00 00040101 0011,
10 000 ferreis 010011 001, 70 000
forro 0, 00 000 sumno 000, 00

ceu gladiumin 0, 00 0011 glutinum
1100001 00001, 00 000 gromen
00011, 00 000 01001111 sideru 001111
11, 10 0000111100, 74 ooogypso
01000

000ου011001 10011000010 0111, 10 0011
11101110οε11οα 01100

 

